                                '01'    '10'    '101'                '011'          10110101101101
0 : 0                           0       0       0                       0
1 : 1                           0       0       0                       0
2 : 10                          0       1       0                       0
3 : 101                         1       1       1                       0
4 : 10110                       1       2       1                       1
5 : 10110101                    3       3       3                       1
6 : 1011010110110               4       5       4                       3
7 : 101101011011010110101       7       8       8                       4               1
8 : 1011010110110101101011011010110110          12                      8               1
9 : 1011010110110101101011011010110110101101011011010110101  21                         2
10 :10110101101101011010110110101101101011010110110101101011011010110110101101011011010110110        4
11 :101101011011010110101101101011011010110101101101011010110110101101101011010110110101101101011010110110101101011011010110110101101011011010110101  6